% Number_of_columns = 2
% Column 1: Image number
% Column 2: Usable area
% Column 3: Usable volcanoes
%--------------------------------------------
1 5558 32
2 5558 36
3 5558 65
4 5558 28
5 4166 0
6 3388 1
7 5558 6
8 5558 14
9 5558 38
10 5558 14
11 5558 8
12 5558 2
13 5558 14
14 5558 13
15 5558 8
16 5558 31
17 5558 7
18 5558 2
19 5558 30
20 5558 9
21 5558 13
22 4380 2
23 5558 8
24 5558 16
25 3623 9
26 5558 16
27 3561 24
28 5558 4
29 5558 11
30 4143 8
31 5558 10
32 5558 17
33 3506 22
34 5558 4
35 3450 10
36 5558 6
37 3561 18
38 5558 7
39 5558 9
40 3461 10
41 5558 6
42 5558 18
43 5558 3
44 5558 6
45 5558 6
46 5558 12
47 5558 20
48 5558 23
49 5558 30
50 5558 32
51 5558 33
52 5558 3
53 5558 5
54 5558 10
55 5558 13
56 5558 15
57 5558 24
58 5558 31
59 5558 31
60 4330 33
61 5558 3
62 5558 4
63 5558 7
64 5558 11
65 5558 19
66 5558 24
67 5558 26
68 5558 31
69 5558 38
70 5558 2
71 5558 2
72 5558 7
73 5558 10
74 5558 14
75 5558 16
76 5558 27
77 5558 27
78 5558 61
79 5558 4
80 5558 6
81 5558 27
82 5558 27
83 4272 5
84 5558 6
85 5558 0
86 5558 0
87 5558 8
88 5558 4
89 5558 17
90 5558 10
91 4311 0
92 5558 1
93 5558 0
94 5558 4
95 5117 4
96 5558 1
97 5558 1
98 5558 3
99 4870 0
100 5558 0
101 5558 1
102 5558 0
103 4546 2
104 5558 3
105 5558 3
106 5558 0
107 4300 0
108 5558 2
109 5558 2
110 5558 1
111 4579 11
112 5558 5
113 5558 2
114 5558 0
115 4490 4
116 5558 0
117 5558 0
118 5558 2
119 5264 1
120 5558 0
121 5558 2
122 5558 2
123 4590 15
124 5558 4
125 5558 1
126 5558 6
127 5558 0
128 5558 0
129 5558 5
130 5558 4
131 4702 1
132 5558 3
133 5558 3
134 5558 7
